# 업비트 KRW 코인 스크리너 - 2026-06-14

- 생성 시각: 2026-06-14 23:28:44 KST
- 대상: 업비트 KRW 마켓 263개
- 조건: 거래대금 상위 10, 전일 대비 상승률 10% 이상, 전일 대비 최고점 상승률 10% 이상

## 요약 후보

현재 상승률 또는 장중 최고점 상승률 조건을 만족한 코인입니다. 거래대금 상위권 종목을 먼저 보여줍니다.

| 순위 | 마켓 | 이름 | 현재가 | 전일대비 | 고점상승률 | 24h 거래대금 |
|---|---|---|---|---|---|---|
| 1 | KRW-ZKC | 바운드리스 | 96.50 | +30.23% | +37.65% | 385.5억 |
| 2 | KRW-ZKP | 지케이패스 | 89.50 | +4.31% | +18.88% | 347.7억 |
| 3 | KRW-SKR | 시커 | 14.70 | +8.89% | +29.63% | 159.0억 |
| 4 | KRW-BREV | 브레비스 | 126 | +3.28% | +20.49% | 44.8억 |
| 5 | KRW-MIRA | 미라네트워크 | 86.50 | +6.79% | +19.26% | 202.1억 |
| 6 | KRW-B3 | 비쓰리 | 0.881 | +4.14% | +18.09% | 248.4억 |
| 7 | KRW-IRYS | 아이리스 | 27.20 | -1.45% | +12.32% | 194.1억 |
| 8 | KRW-SLX | 솔스티스 | 311 | +8.36% | +11.85% | 143.9억 |
| 9 | KRW-G | 그래비티 | 4.19 | +1.21% | +11.11% | 58.4억 |
| 10 | KRW-AKT | 아카시네트워크 | 1,106 | +2.79% | +10.32% | 111.6억 |

## 거래대금 상위 10

| 순위 | 마켓 | 이름 | 현재가 | 전일대비 | 고점상승률 | 24h 거래대금 |
|---|---|---|---|---|---|---|
| 1 | KRW-WLD | 월드코인 | 748 | -1.45% | +4.35% | 1,005.2억 |
| 2 | KRW-MEGA | 메가이더 | 90.90 | -4.32% | +8.42% | 775.7억 |
| 3 | KRW-BTC | 비트코인 | 96,865,000 | -0.63% | +0.46% | 735.0억 |
| 4 | KRW-XRP | 엑스알피(리플) | 1,711 | -1.67% | +0.57% | 594.8억 |
| 5 | KRW-TRUMP | 오피셜트럼프 | 3,028 | -8.49% | +0.85% | 500.2억 |
| 6 | KRW-USDT | 테더 | 1,508 | -0.20% | +0.20% | 412.9억 |
| 7 | KRW-ZKC | 바운드리스 | 96.50 | +30.23% | +37.65% | 385.5억 |
| 8 | KRW-ETH | 이더리움 | 2,515,000 | -1.10% | +0.55% | 348.8억 |
| 9 | KRW-ZKP | 지케이패스 | 89.50 | +4.31% | +18.88% | 347.7억 |
| 10 | KRW-TAO | 비트텐서 | 390,200 | -1.89% | +7.39% | 291.0억 |

## 전일 대비 상승률 10% 이상

| 순위 | 마켓 | 이름 | 현재가 | 전일대비 | 고점상승률 | 24h 거래대금 |
|---|---|---|---|---|---|---|
| 1 | KRW-ZKC | 바운드리스 | 96.50 | +30.23% | +37.65% | 385.5억 |

## 전일 대비 최고점 상승률 10% 이상

| 순위 | 마켓 | 이름 | 현재가 | 전일대비 | 고점상승률 | 24h 거래대금 |
|---|---|---|---|---|---|---|
| 1 | KRW-ZKC | 바운드리스 | 96.50 | +30.23% | +37.65% | 385.5억 |
| 2 | KRW-SKR | 시커 | 14.70 | +8.89% | +29.63% | 159.0억 |
| 3 | KRW-BREV | 브레비스 | 126 | +3.28% | +20.49% | 44.8억 |
| 4 | KRW-MIRA | 미라네트워크 | 86.50 | +6.79% | +19.26% | 202.1억 |
| 5 | KRW-ZKP | 지케이패스 | 89.50 | +4.31% | +18.88% | 347.7억 |
| 6 | KRW-B3 | 비쓰리 | 0.881 | +4.14% | +18.09% | 248.4억 |
| 7 | KRW-IRYS | 아이리스 | 27.20 | -1.45% | +12.32% | 194.1억 |
| 8 | KRW-SLX | 솔스티스 | 311 | +8.36% | +11.85% | 143.9억 |
| 9 | KRW-G | 그래비티 | 4.19 | +1.21% | +11.11% | 58.4억 |
| 10 | KRW-AKT | 아카시네트워크 | 1,106 | +2.79% | +10.32% | 111.6억 |

## 계산 기준

- 거래대금: Upbit `acc_trade_price_24h` 기준입니다.
- 전일 대비 상승률: Upbit `signed_change_rate` 기준입니다.
- 전일 대비 최고점 상승률: `(high_price - prev_closing_price) / prev_closing_price` 기준입니다.
- 이 리포트는 투자 조언이 아니라 매일 같은 기준으로 후보를 훑기 위한 스크리닝 결과입니다.
